24
MuseoWasp1_501_L1_1.q20.rmd.bam 0.00000000 0.00010056 0.75527086 0.08418608 0.10219721 0.77953373 1.02272645 0.85784074 0.78235920 0.82032345 0.95812644 0.75592124 1.00263418 0.75599265 0.75579288 1.20036195 0.87922818 0.78939587 0.76731566 1.17172676 1.87874128 0.64312014 1.88432862 1.80138070 
MuseoWasp1_502_L1_1.q20.rmd.bam 0.00010056 0.00000000 0.78241341 0.08667367 0.10268009 0.80470910 1.02770323 0.88189492 0.81244134 0.85250654 0.99238901 0.78289931 1.03742931 0.78223930 0.78242536 1.20387769 0.91394213 0.81913984 0.79617330 1.20010415 1.86997033 0.64892147 1.87675700 1.79255998 
MuseoWasp1_503_L1_1.q20.rmd.bam 0.75527086 0.78241341 0.00000000 0.63114276 1.07647114 0.00127984 0.00000049 0.00000051 0.00104857 0.00121214 0.00129953 0.00116364 0.00134741 0.00125289 0.00122307 0.00170997 0.00120990 0.00119357 0.00113919 0.00169731 2.00540875 0.81058376 1.98951833 1.92729119 
MuseoWasp1_506_L1_1.q20.rmd.bam 0.08418608 0.08667367 0.63114276 0.00000000 0.00015449 0.65379555 0.91851286 0.72990665 0.64645049 0.67645953 0.79096804 0.63069543 0.82807009 0.63004425 0.63074065 1.05015747 0.71191438 0.65423514 0.63821171 0.98939634 1.89717862 0.61164618 1.89603392 1.81684865 
MuseoWasp1_507_L1_1.q20.rmd.bam 0.10219721 0.10268009 1.07647114 0.00015449 0.00000000 1.09269021 1.23064355 1.16581094 1.13432671 1.20129681 1.33506253 1.07745792 1.39432163 1.08372835 1.08248383 1.38388291 1.19575477 1.14443097 1.09591240 1.44309097 1.69637369 0.64437133 1.70393979 1.62187554 
MuseoWasp2_502_L1_1.q20.rmd.bam 0.77953373 0.80470910 0.00127984 0.65379555 1.09269021 0.00000000 0.00375767 0.00185527 0.00001166 0.00003350 0.00003540 0.00004382 0.00005628 0.00001389 0.00001389 0.00000062 0.00001502 0.00004412 0.00001456 0.00014665 1.99420784 0.81351305 1.97524927 1.91556890 
MuseoWasp2_504_L1_1.q20.rmd.bam 1.02272645 1.02770323 0.00000049 0.91851286 1.23064355 0.00375767 0.00000000 0.00000050 0.00306864 0.00404966 0.00355005 0.00353634 0.00429334 0.00399320 0.00383256 0.00321843 0.00385411 0.00381091 0.00371222 0.00437419 1.99128932 0.89411312 1.94994328 1.88563710 
MuseoWasp2_505_L1_1.q20.rmd.bam 0.85784074 0.88189492 0.00000051 0.72990665 1.16581094 0.00185527 0.00000050 0.00000000 0.00166125 0.00193054 0.00187165 0.00178555 0.00201229 0.00192295 0.00186189 0.00167488 0.00185821 0.00188637 0.00172584 0.00229315 1.99786367 0.84014752 1.97601699 1.91899026 
MuseoWasp2_506_L1_1.q20.rmd.bam 0.78235920 0.81244134 0.00104857 0.64645049 1.13432671 0.00001166 0.00306864 0.00166125 0.00000000 0.00000054 0.00000046 0.00000332 0.00001379 0.00000060 0.00000056 0.00000049 0.00000731 0.00000354 0.00000058 0.00002202 2.00116049 0.82347935 1.98657696 1.93102409 
MuseoWasp2_509_L1_1.q20.rmd.bam 0.82032345 0.85250654 0.00121214 0.67645953 1.20129681 0.00003350 0.00404966 0.00193054 0.00000054 0.00000000 0.00000045 0.00000055 0.00001563 0.00000057 0.00000054 0.00000048 0.00000043 0.00000046 0.00000055 0.00002354 1.99130266 0.83382409 1.98158733 1.91725653 
MuseoWasp3_501_L1_1.q20.rmd.bam 0.95812644 0.99238901 0.00129953 0.79096804 1.33506253 0.00003540 0.00355005 0.00187165 0.00000046 0.00000045 0.00000000 0.00000507 0.00000050 0.00000048 0.00000046 0.00000054 0.00000052 0.00000515 0.00000047 0.00000053 1.95431410 0.86850475 1.93748770 1.87623971 
MuseoWasp3_503_L1_1.q20.rmd.bam 0.75592124 0.78289931 0.00116364 0.63069543 1.07745792 0.00004382 0.00353634 0.00178555 0.00000332 0.00000055 0.00000507 0.00000000 0.00001251 0.00000060 0.00000309 0.00000049 0.00000044 0.00000050 0.00000305 0.00004022 2.00869305 0.81141368 1.99511072 1.93359849 
MuseoWasp3_504_L1_1.q20.rmd.bam 1.00263418 1.03742931 0.00134741 0.82807009 1.39432163 0.00005628 0.00429334 0.00201229 0.00001379 0.00001563 0.00000050 0.00001251 0.00000000 0.00000654 0.00000648 0.00000050 0.00000051 0.00001228 0.00000665 0.00000052 1.93330074 0.88164409 1.92306154 1.85717849 
MuseoWasp3_505_L1_1.q20.rmd.bam 0.75599265 0.78223930 0.00125289 0.63004425 1.08372835 0.00001389 0.00399320 0.00192295 0.00000060 0.00000057 0.00000048 0.00000060 0.00000654 0.00000000 0.00000059 0.00000051 0.00000045 0.00000053 0.00000061 0.00004573 2.01979212 0.81667207 2.00484233 1.94673858 
MuseoWasp3_507_L1_1.q20.rmd.bam 0.75579288 0.78242536 0.00122307 0.63074065 1.08248383 0.00001389 0.00383256 0.00186189 0.00000056 0.00000054 0.00000046 0.00000309 0.00000648 0.00000059 0.00000000 0.00000050 0.00000044 0.00000309 0.00000057 0.00002281 2.01332031 0.81331820 2.00114312 1.94098081 
MuseoWasp4_501_L1_1.q20.rmd.bam 1.20036195 1.20387769 0.00170997 1.05015747 1.38388291 0.00000062 0.00321843 0.00167488 0.00000049 0.00000048 0.00000054 0.00000049 0.00000050 0.00000051 0.00000050 0.00000000 0.00000054 0.00000045 0.00000051 0.00000055 1.72379406 0.87268176 1.79238093 1.68319017 
MuseoWasp4_502_L1_1.q20.rmd.bam 0.87922818 0.91394213 0.00120990 0.71191438 1.19575477 0.00001502 0.00385411 0.00185821 0.00000731 0.00000043 0.00000052 0.00000044 0.00000051 0.00000045 0.00000044 0.00000054 0.00000000 0.00000060 0.00000044 0.00002843 2.00973674 0.84257438 1.99326876 1.93313860 
MuseoWasp4_508_L1_1.q20.rmd.bam 0.78939587 0.81913984 0.00119357 0.65423514 1.14443097 0.00004412 0.00381091 0.00188637 0.00000354 0.00000046 0.00000515 0.00000050 0.00001228 0.00000053 0.00000309 0.00000045 0.00000060 0.00000000 0.00000324 0.00003778 1.98198806 0.82087869 1.96802823 1.90909874 
MuseoWasp4_509_L1_1.q20.rmd.bam 0.76731566 0.79617330 0.00113919 0.63821171 1.09591240 0.00001456 0.00371222 0.00172584 0.00000058 0.00000055 0.00000047 0.00000305 0.00000665 0.00000061 0.00000057 0.00000051 0.00000044 0.00000324 0.00000000 0.00002309 2.01791623 0.81647722 2.00195232 1.94245744 
MuseoWasp4_510_L1_1.q20.rmd.bam 1.17172676 1.20010415 0.00169731 0.98939634 1.44309097 0.00014665 0.00437419 0.00229315 0.00002202 0.00002354 0.00000053 0.00004022 0.00000052 0.00004573 0.00002281 0.00000055 0.00002843 0.00003778 0.00002309 0.00000000 1.85678201 0.89834778 1.84498781 1.76237726 
SRR37165114.q20.rmd.bam         1.87874128 1.86997033 2.00540875 1.89717862 1.69637369 1.99420784 1.99128932 1.99786367 2.00116049 1.99130266 1.95431410 2.00869305 1.93330074 2.01979212 2.01332031 1.72379406 2.00973674 1.98198806 2.01791623 1.85678201 0.00000000 0.76927057 0.01375132 0.04464299 
SRR37165121.q20.rmd.bam         0.64312014 0.64892147 0.81058376 0.61164618 0.64437133 0.81351305 0.89411312 0.84014752 0.82347935 0.83382409 0.86850475 0.81141368 0.88164409 0.81667207 0.81331820 0.87268176 0.84257438 0.82087869 0.81647722 0.89834778 0.76927057 0.00000000 0.76164933 0.69434330 
SRR37165125.q20.rmd.bam         1.88432862 1.87675700 1.98951833 1.89603392 1.70393979 1.97524927 1.94994328 1.97601699 1.98657696 1.98158733 1.93748770 1.99511072 1.92306154 2.00484233 2.00114312 1.79238093 1.99326876 1.96802823 2.00195232 1.84498781 0.01375132 0.76164933 0.00000000 0.04613377 
SRR37165136.q20.rmd.bam         1.80138070 1.79255998 1.92729119 1.81684865 1.62187554 1.91556890 1.88563710 1.91899026 1.93102409 1.91725653 1.87623971 1.93359849 1.85717849 1.94673858 1.94098081 1.68319017 1.93313860 1.90909874 1.94245744 1.76237726 0.04464299 0.69434330 0.04613377 0.00000000 
